64.443439863301
18.30137959857266
0.1129397953712203
4.210898128938665
258.3705254462536
78.43438888779464
57.57153693261287
109.5718755614928
8.847991759070865
233.22361017104996
24.423088313942344
64.42014681963983
63.47671578508436
79.72912992694343
355.8068177560159
1088.8596181962705
28.866751637393822
45.181570346703786
431.6127567592104
9.972331894593824
1918.917989664714
2042.583381563724
1880.1864969021228
1456.1006430043012
1958.7565149997804
1984.6966122712765
2042.583381563724
