-0.7142649478202404
-1.2099552446764819
-1.6721999396105658
-1.5360577085694833
-0.8292365522578722
-1.2470489267904978
-1.2337863805718483
-1.6943434420704928
-2.5711696316081234
-1.309116352823696
-1.1447848512705794
-1.9126771431925136
-1.622838951777173
-1.3566821093823407
-2.018425399374782
-1.7025578405650035
-1.2942469649550403
-0.9357565553342914
-2.1557677641786004
-1.7468820870493065
-1.1812288989923172
-1.743046350450763
-0.9160700151162905
-1.329713570392004
-0.6867368277852126
-2.1996994481072725
-0.19091783152359046
