-0.11212220046256897
-0.08796286022736445
-0.111414654295324
-0.034835313350078584
-0.04800758439218157
-0.11062091307282658
-0.3989255131463011
-0.11386851478863991
-0.13146060864136055
-0.09418956091057398
-0.04694740582651916
-0.10596503573558178
-0.11804825644688696
-0.036377828071632486
-0.05675837155397648
-0.16554079187169876
-0.46825413015901896
-0.11861332481955808
-0.13535893134164836
-0.11866469653270655
-0.14049698989772344
-0.021075704193875416
-0.04263921555802391
-0.030318346224121093
-0.024336871980885924
-0.5000617934126763
-0.16554079187169876
