[0.19144708 0.03819337 0.60741781 0.41458414]
[0.75865295 0.53651774 0.65600038 0.36034155]
[0.43834987 0.8043397  0.21024527 0.15129482]
[0.70605083 0.53419196 0.26424335 0.48208755]
[0.83647799 0.19360965 0.6638927  0.78564888]
[0.68343225 0.11866264 0.82904591 0.56757661]
[0.55362148 0.66734998 0.32380582 0.81486975]
[0.35235627 0.32224153 0.11697937 0.47311252]
[0.15378571 0.72938169 0.42259844 0.44307417]
[0.46344227 0.63002451 0.10790646 0.9576439 ]
[0.67749115 0.35850951 0.47959222 0.07288048]
[0.58397341 0.14724265 0.34809746 0.42861465]
[0.30688872 0.31687813 0.62263448 0.09539906]
[0.51114177 0.817957   0.72871042 0.11235362]
[0.43893338 0.77409176 0.37816709 0.93369621]
[0.22418902 0.84648049 0.87948418 0.87851568]
[0.72526172 0.47987049 0.08894684 0.75976022]
[0.35548161 0.63961937 0.41761768 0.12260384]
[0.11987923 0.86254031 0.64333133 0.84980383]
[0.12688467 0.15342962 0.77016219 0.19051811]
[0.413273 0.770549 0.980062 0.951137]
[0.598225 0.735663 0.998348 0.933113]
[0.532623 0.594318 0.990109 0.985016]
[0.575047 0.745228 0.97133  0.878259]
[0.428929 0.762201 0.953183 0.985475]
[0.663027 0.679067 0.93174  0.996949]
[0.598225 0.735663 0.998348 0.933113]
[0.630304 0.663797 0.941951 0.95204 ]
[0.62  0.72  0.995 0.97 ]
[0.625 0.725 0.997 0.975]
[0.591221 0.794271 0.992409 0.9743  ]
[0.591221 0.794271 0.992409 0.9743  ]
