[0.039908 0.47062  0.237256 0.049198 0.24991  0.72246 ]
[0.271651 0.232006 0.399051 0.224999 0.352599 0.728543]
[0.339972 0.078939 0.442798 0.261049 0.343387 0.834572]
[0.393676 0.302755 0.460664 0.251759 0.374852 0.799947]
[0.247646 0.185    0.230368 0.263564 0.230183 0.658506]
[0.264711 0.045035 0.360237 0.255406 0.382103 0.580341]
[0.271651 0.232006 0.399051 0.224999 0.352599 0.728543]
[0.376552 0.169598 0.283888 0.293107 0.326773 0.641067]
[0.34 0.12 0.41 0.26 0.36 0.81]
[0.276 0.225 0.405 0.23  0.36  0.735]
[0.211256 0.161936 0.345801 0.221086 0.338372 0.575591]
