0.6044326958745716
0.5627530668655433
0.007503236678049401
0.06142430250355775
0.27304680126759867
0.08374657232015563
1.3649683044991994
0.09264495494793601
0.017869598722495817
0.03356493603703717
0.07351630421016164
0.20630969795359433
0.008825633999510857
0.26840031693744637
0.6115255284647864
0.01479818260270181
0.2748925084715891
0.06676324688193327
0.0421183545380621
0.0027014650245082332
0.018209073006581165
0.007016027558514625
0.10050661080108167
0.4753955163956208
0.6751416308956351
0.5164572186199785
0.003777479616578685
0.003134333310934767
0.021342522787312367
0.0954111589101041
1.0049305638661714
2.865251144656718
2.3480266237247505
2.1570910177863376
2.688747157175591
2.67715909835182
2.865251144656718
2.8352033287451013
2.467619976670761
2.8385344707430047
2.8827083364418455
1.0049305638661714
