Week 1
2.358757555918235e-78
0.10675518741422278
-0.16554079187169876
-0.3306618740636291
1918.917989664714
-1.1812288989923172
1.0049305638661714
9.6513129625409

Week 2
-4.336733960179099e-05
0.502996579273983
-0.46825413015901896
-7.7047651736267895
2042.583381563724
-1.743046350450763
2.865251144656718
9.7628077470554

Week 3
2.4247688654824617e-82
0.3686143841176872
-0.11861332481955808
-2.6353774299788344
1880.1864969021228
-0.9160700151162905
2.3480266237247505
9.8762944078321

Week 4
5.479582068424992e-50
0.39013290598787237
-0.13535893134164836
-11.465200220133969
1456.1006430043012
-1.329713570392004
2.1570910177863376
9.9182818940179

Week 5
2.653959939729813e-40
0.46958049987529016
-0.11866469653270655
-12.89826399509089
1958.7565149997804
-0.6867368277852126
2.688747157175591
9.8630597585899

Week 6
-2.5135190519902422e-26
0.16238141566540062
-0.14049698989772344
-35.98495615529748
1984.6966122712765
-2.1996994481072725
2.67715909835182
9.8967439322436

Week 7
1.3771514819813648e-36
0.519228085436981
-0.021075704193875416
-10.35316016548428
2042.583381563724
-0.19091783152359046
2.865251144656718
9.6853884171854

Week 8
6.824045110810138e-17
0.7071553129452874
-0.04263921555802391
-22.09963492120315
1573.0275851064666
-0.5631528865582578
2.8352033287451013
7.5173676197009005

Week 9
6.854713532414845e-19
0.6570567569059171
-0.030318346224121093
-1.2283180410904389
2308.98059899065
-0.09087030291643944
2.467619976670761
9.65126

Week 10
6.814730513599226e-16
0.6589009716102285
-0.024336871980885924
-0.7286082999777537
2407.3822988390525
-0.21343387766426097
2.8385344707430047
9.8621475

