7.398721101163708
7.005227361900734
8.45948161622808
8.284007811285548
8.606116791392116
8.541747923679363
7.327434575740623
7.299872046566419
7.957874742347002
5.5921933895401965
7.854540990501387
6.791985783133633
8.976554022457023
7.3790829035972365
9.598482002566342
8.159983191736115
7.13162396619294
6.767962534878629
7.433744072022712
9.013075145673822
7.310893815253165
5.841067313187262
9.141639493309754
8.817558441363609
6.451943125106222
8.83074504574746
9.34427428080805
6.887846394035938
8.042212541982503
7.692368045766445
7.923758772464366
8.42175923792568
8.27806239964175
7.113457163948368
6.402588414582601
8.472936316651243
7.977684585372973
7.460872194740431
7.436593526746213
9.1830052453254
