[0.89698105 0.72562797 0.17540431 0.70169437]
[0.8893564  0.49958786 0.53926886 0.50878344]
[0.25094624 0.03369313 0.14538002 0.49493242]
[0.34696206 0.0062504  0.76056361 0.61302356]
[0.12487118 0.12977019 0.38440048 0.2870761 ]
[0.80130271 0.50023109 0.70664456 0.19510284]
[0.24770826 0.06044543 0.04218635 0.44132425]
[0.74670224 0.7570915  0.36935306 0.20656628]
[0.40066503 0.07257425 0.88676825 0.24384229]
[0.6260706  0.58675126 0.43880578 0.77885769]
[0.95713529 0.59764438 0.76611385 0.77620991]
[0.73281243 0.14524998 0.47681272 0.13336573]
[0.65511548 0.07239183 0.68715175 0.08151656]
[0.21973443 0.83203134 0.48286416 0.08256923]
[0.48859419 0.2119651  0.93917791 0.37619173]
[0.16713049 0.87655456 0.21723954 0.95980098]
[0.21691119 0.16608583 0.24137226 0.77006248]
[0.38748784 0.80453226 0.75179548 0.72382744]
[0.98562189 0.66693268 0.15678328 0.8565348 ]
[0.03782483 0.66485335 0.16198218 0.25392378]
[0.68348638 0.9027701  0.33541983 0.99948256]
[0.17034731 0.75695908 0.27652049 0.5312315 ]
[0.85965692 0.91959232 0.20613873 0.09779683]
[0.28213837 0.50598691 0.53053084 0.09630162]
[0.32607578 0.4723669  0.453192   0.10588734]
[0.94838936 0.89451301 0.85163782 0.55219629]
[0.66495539 0.04656628 0.11677747 0.79371778]
[0.57776561 0.42877174 0.42582587 0.24900741]
[0.73861301 0.48210263 0.70936644 0.50397001]
[0.8548108  0.49396462 0.73530997 0.80809201]
[0.371549 0.410236 0.317621 0.438427]
[0.611853 0.139494 0.292145 0.366362]
[0.404655 0.429048 0.22677  0.455883]
[0.45607  0.785176 0.199674 0.514234]
[0.592415 0.04645  0.607545 0.170524]
[0.065052 0.948886 0.965632 0.808397]
[0.304614 0.097672 0.684233 0.440152]
[0.122038 0.495177 0.034389 0.90932 ]
[0.36 0.42 0.3  0.46]
[0.375 0.415 0.31  0.445]
