[0.7281861  0.15469257 0.73255167 0.69399651 0.05640131]
[0.24238435 0.84409997 0.5778091  0.67902128 0.50195289]
[0.72952261 0.7481062  0.67977464 0.35655228 0.67105368]
[0.77062024 0.11440374 0.04677993 0.64832428 0.27354905]
[0.6188123  0.33180214 0.18728787 0.75623847 0.3288348 ]
[0.78495809 0.91068235 0.7081201  0.95922543 0.0049115 ]
[0.14511079 0.8966846  0.89632223 0.72627154 0.23627199]
[0.94506907 0.28845905 0.97880576 0.96165559 0.59801594]
[0.12572016 0.86272469 0.02854433 0.24660527 0.75120624]
[0.75759436 0.35583141 0.0165229  0.4342072  0.11243304]
[0.5367969  0.30878091 0.41187929 0.38822518 0.5225283 ]
[0.95773967 0.23566857 0.09914585 0.15680593 0.07131737]
[0.6293079  0.80348368 0.81140844 0.04561319 0.11062446]
[0.02173531 0.42808424 0.83593944 0.48948866 0.51108173]
[0.43934426 0.69892383 0.42682022 0.10947609 0.87788847]
[0.25890557 0.79367771 0.6421139  0.19667346 0.59310318]
[0.43216593 0.71561781 0.3418191  0.70499988 0.61496184]
[0.78287982 0.53633586 0.44328356 0.85969983 0.01032599]
[0.9217762  0.93187122 0.41487637 0.59505727 0.73562569]
[0.12667892 0.2914703  0.06452848 0.6805146  0.89281919]
[0.067844 0.099311 0.245047 0.952839 0.085384]
[0.007279 0.922324 0.065996 0.938621 0.028153]
[0.315938 0.017065 0.899154 0.923549 0.050946]
[0.532886 0.035503 0.950841 0.275376 0.016185]
[0.471021 0.222667 0.517113 0.989533 0.292927]
[0.029088 0.930973 0.949128 0.949153 0.943687]
[0.434268 0.34118  0.607527 0.701899 0.201201]
[0.407092 0.498569 0.533327 0.65949  0.041603]
