-22.108287785435817
-14.601396631953161
-11.699932463834426
-16.053765110568296
-10.069633426012889
-15.487082537755288
-12.68168497681565
-16.02639976898352
-17.049234647535723
-12.741765988316185
-27.316396356142608
-13.527648872277506
-16.679115197479913
-16.50715856428234
-17.81799933882949
-26.561820829779602
-12.758324216781741
-19.441557624451722
-28.90327367383377
-13.702746938161251
-29.427091401989347
-11.565741989583191
-26.857786437773637
-7.9667753510303925
-6.702089254839066
-32.625660215962455
-19.98949792679556
-4.025542281908162
-13.122782331852594
-23.139428397634813
-0.3306618740636291
-7.7047651736267895
-2.6353774299788344
